0,32761,,,2.76677e-322
-1906311968,164,,,2.76677e-322
-1906311968,164,,,2.76677e-322
-1906311968,164,,,2.76677e-322
-1906311968,164,,,2.76677e-322
-1906311968,164,,,2.76677e-322
-1906311968,164,,,2.76677e-322
-1906311968,164,,,2.76677e-322
-1906311968,164,,,2.76677e-322
-1906311968,164,,,2.76677e-322
-1906311968,164,,,2.76677e-322
-1906311968,164,,,2.76677e-322
-1906311968,164,,,2.76677e-322
-1906311968,164,,,2.76677e-322
-1906311968,164,,,2.76677e-322
-1906311968,164,,,2.76677e-322
-1906311968,164,,,2.76677e-322
-1906311968,164,,,2.76677e-322
-1906311968,164,,,2.76677e-322
-1906311968,164,,,2.76677e-322
-1906311968,164,,,2.76677e-322
-1906311968,164,,,2.76677e-322
-1906311968,164,,,2.76677e-322
-1906311968,164,,,2.76677e-322
-1906311968,164,,,2.76677e-322
-1906311968,164,,,2.76677e-322
-1906311968,164,,,2.76677e-322
-1906311968,164,,,2.76677e-322
-1906311968,164,,,2.76677e-322
-1906311968,164,,,2.76677e-322
-1906311968,164,,,2.76677e-322
-1906311968,164,,,2.76677e-322
-1906311968,164,,,2.76677e-322
-1906311968,164,,,2.76677e-322
-1906311968,164,,,2.76677e-322
-1906311968,164,,,2.76677e-322
-1906311968,164,,,2.76677e-322
-1906311968,164,,,2.76677e-322
-1906311968,164,,,2.76677e-322
-1906311968,164,,,2.76677e-322
-1906311968,164,,,2.76677e-322
-1906311968,164,,,2.76677e-322
-1906311968,164,,,2.76677e-322
-1906311968,164,,,2.76677e-322
-1906311968,164,,,2.76677e-322
-1906311968,164,,,2.76677e-322
-1906311968,164,,,2.76677e-322
-1906311968,164,,,2.76677e-322
-1906311968,164,,,2.76677e-322
-1906311968,164,,,2.76677e-322
-1906311968,164,,,2.76677e-322
-1906311968,164,,,2.76677e-322
-1906311968,164,,,2.76677e-322
-1906311968,164,,,2.76677e-322
-1906311968,164,,,2.76677e-322
-1906311968,164,,,2.76677e-322
-1906311968,164,,,2.76677e-322
-1906311968,164,,,2.76677e-322
-1906311968,164,,,2.76677e-322
-1906311968,164,,,2.76677e-322
-1906311968,164,,,2.76677e-322
-1906311968,164,,,2.76677e-322
-1906311968,164,,,2.76677e-322
-1906311968,164,,,2.76677e-322
-1906311968,164,,,2.76677e-322
-1906311968,164,,,2.76677e-322
-1906311968,164,,,2.76677e-322
-1906311968,164,,,2.76677e-322
-1906311968,164,,,2.76677e-322
-1906311968,164,,,2.76677e-322
-1906311968,164,,,2.76677e-322
-1906311968,164,,,2.76677e-322
-1906311968,164,,,2.76677e-322
-1906311968,164,,,2.76677e-322
-1906311968,164,,,2.76677e-322
-1906311968,164,,,2.76677e-322
-1906311968,164,,,2.76677e-322
-1906311968,164,,,2.76677e-322
-1906311968,164,,,2.76677e-322
-1906311968,164,,,2.76677e-322
-1906311968,164,,,2.76677e-322
-1906311968,164,,,2.76677e-322
-1906311968,164,,,2.76677e-322
-1906311968,164,,,2.76677e-322
-1906311968,164,,,2.76677e-322
-1906311968,164,,,2.76677e-322
-1906311968,164,,,2.76677e-322
-1906311968,164,,,2.76677e-322
-1906311968,164,,,2.76677e-322
-1906311968,164,,,2.76677e-322
-1906311968,164,,,2.76677e-322
-1906311968,164,,,2.76677e-322
-1906311968,164,,,2.76677e-322
-1906311968,164,,,2.76677e-322
-1906311968,164,,,2.76677e-322
-1906311968,164,,,2.76677e-322
-1906311968,164,,,2.76677e-322
-1906311968,164,,,2.76677e-322
-1906311968,164,,,2.76677e-322
-1906311968,164,,,2.76677e-322
